locations:
- world: world
  x: -9.272987802081294
  y: 87.62
  z: -231.40913551213183
  pitch: 0.15000833570957184
  yaw: 121.8000259399414
